n	x	y	
1	-74.0168143	40.7051367	;
2	-74.0164164	40.7048817	;
3	-74.0164046	40.7047995	;
4	-74.0162324	40.7066286	;
5	-74.0158047	40.7070531	;
6	-74.0156972	40.7073071	;
7	-74.0150379	40.7098348	;
8	-74.0150062	40.7047334	;
9	-74.0149772	40.7048267	;
10	-74.0142415	40.7045149	;
11	-74.0142203	40.7046327	;
12	-74.0141521	40.7026854	;
13	-74.0137608	40.7024037	;
14	-74.0135528	40.715273	;
15	-74.0132135	40.7152193	;
16	-74.0130401	40.7172418	;
17	-74.0128371	40.7024415	;
18	-74.0127588	40.7171144	;
19	-74.0122143	40.7027392	;
20	-74.0122035	40.7168624	;
21	-74.0120124	40.7016074	;
22	-74.0116275	40.7223271	;
23	-74.011505	40.702959	;
24	-74.0112853	40.7252103	;
25	-74.0110507	40.7251813	;
26	-74.0109454	40.7162912	;
27	-74.01093	40.7258067	;
28	-74.0106787	40.7298427	;
29	-74.0105554	40.7291112	;
30	-74.0104777	40.7298231	;
31	-74.0101303	40.7120904	;
32	-74.0099059	40.7388125	;
33	-74.0097733	40.70195	;
34	-74.0096671	40.712736	;
35	-74.0096237	40.7393541	;
36	-74.0092214	40.7155224	;
37	-74.0090399	40.7024287	;
38	-74.0088706	40.7424626	;
39	-74.0088463	40.7138056	;
40	-74.0088192	40.7160188	;
41	-74.008789	40.704211	;
42	-74.0086875	40.7423524	;
43	-74.0086338	40.7113899	;
44	-74.0085372	40.7431693	;
45	-74.0085133	40.7423342	;
46	-74.0084924	40.7503835	;
47	-74.0082725	40.7502992	;
48	-74.0082309	40.7219848	;
49	-74.0081809	40.7421216	;
50	-74.0081225	40.7119926	;
51	-74.0079472	40.7236541	;
52	-74.0079297	40.7237578	;
53	-74.0078034	40.7500888	;
54	-74.0077898	40.703049	;
55	-74.0077787	40.7033242	;
56	-74.0077179	40.7116829	;
57	-74.007705	40.742834	;
58	-74.0076956	40.7477566	;
59	-74.0076496	40.7481843	;
60	-74.0075519	40.7154408	;
61	-74.0075182	40.7234376	;
62	-74.0072254	40.7130447	;
63	-74.0070906	40.7287682	;
64	-74.0070372	40.7489204	;
65	-74.0069727	40.7294968	;
66	-74.0069476	40.7497094	;
67	-74.006932	40.7488769	;
68	-74.0068806	40.754527	;
69	-74.0067677	40.7228854	;
70	-74.006671	40.7204501	;
71	-74.0066497	40.7544286	;
72	-74.0065691	40.7495415	;
73	-74.0064195	40.7204244	;
74	-74.0064084	40.721815	;
75	-74.0063044	40.7225635	;
76	-74.0062889	40.7042568	;
77	-74.0061111	40.7238002	;
78	-74.0060393	40.7119161	;
79	-74.006021	40.706142	;
80	-74.0060055	40.7244159	;
81	-74.0056591	40.7200755	;
82	-74.005366	40.740945	;
83	-74.0053147	40.728601	;
84	-74.0052899	40.7218356	;
85	-74.0052198	40.7206388	;
86	-74.0051934	40.7198568	;
87	-74.0051265	40.7408505	;
88	-74.0050279	40.7570558	;
89	-74.0048858	40.7416561	;
90	-74.0048445	40.7124759	;
91	-74.0048039	40.7569542	;
92	-74.004786	40.723625	;
93	-74.0047522	40.7052372	;
94	-74.0046175	40.7213697	;
95	-74.004168	40.74769	;
96	-74.0040671	40.7074502	;
97	-74.004059	40.713135	;
98	-74.0038616	40.7057934	;
99	-74.0038542	40.7532586	;
100	-74.003768	40.722384	;
101	-74.0036256	40.7136499	;
102	-74.0031167	40.7106422	;
103	-74.002982	40.723308	;
104	-74.0028882	40.7282398	;
105	-74.0028316	40.7283615	;
106	-74.0027727	40.7394016	;
107	-74.0026084	40.7397904	;
108	-74.0025769	40.7560207	;
109	-74.0025285	40.7186389	;
110	-74.0025244	40.739755	;
111	-74.002503	40.708846	;
112	-74.0024005	40.738749	;
113	-74.0023984	40.7282488	;
114	-74.002383	40.7064526	;
115	-74.0022593	40.7401163	;
116	-74.0020624	40.7607126	;
117	-74.0020306	40.7557925	;
118	-74.0018769	40.7194058	;
119	-74.0016771	40.7556376	;
120	-74.001657	40.7094916	;
121	-74.0015481	40.7096039	;
122	-74.0013703	40.7413349	;
123	-74.0013697	40.7465072	;
124	-74.0013215	40.7620687	;
125	-74.0012106	40.7100562	;
126	-74.0011123	40.7101928	;
127	-74.001095	40.736564	;
128	-74.0010791	40.7570856	;
129	-74.0010621	40.7619572	;
130	-74.000988	40.717932	;
131	-74.0009843	40.7520763	;
132	-74.000898	40.725773	;
133	-74.0008579	40.7105451	;
134	-74.0007721	40.7575039	;
135	-74.0006848	40.7519487	;
136	-74.000661	40.72084	;
137	-74.0006278	40.7576858	;
138	-74.000532	40.71843	;
139	-74.0005289	40.742492	;
140	-74.0004596	40.7110335	;
141	-74.0004569	40.7617073	;
142	-74.000274	40.717619	;
143	-74.0001918	40.7092263	;
144	-74.0001127	40.707892	;
145	-74.0000372	40.7080905	;
146	-73.999973	40.734688	;
147	-73.9999617	40.7268923	;
148	-73.999956	40.718017	;
149	-73.9998648	40.7270081	;
150	-73.999853	40.721792	;
151	-73.9997231	40.7589161	;
152	-73.9997023	40.7117948	;
153	-73.9996874	40.7518406	;
154	-73.999684	40.738552	;
155	-73.9996744	40.7436787	;
156	-73.9995234	40.7336634	;
157	-73.9994662	40.7522409	;
158	-73.9994458	40.708299	;
159	-73.9993843	40.7522084	;
160	-73.9993476	40.7088382	;
161	-73.9993088	40.708495	;
162	-73.9992643	40.7087705	;
163	-73.9992636	40.7595167	;
164	-73.9991497	40.7545834	;
165	-73.999061	40.720044	;
166	-73.9990087	40.7085585	;
167	-73.9987428	40.7449428	;
168	-73.9987139	40.7643295	;
169	-73.9985861	40.7171185	;
170	-73.9985733	40.7453308	;
171	-73.998524	40.719786	;
172	-73.9985204	40.7134431	;
173	-73.998495	40.7642389	;
174	-73.998486	40.745294	;
175	-73.9984594	40.7542954	;
176	-73.9983286	40.7608279	;
177	-73.9982255	40.7132537	;
178	-73.9982091	40.7558731	;
179	-73.998196	40.721063	;
180	-73.9981519	40.7508988	;
181	-73.9980743	40.7137811	;
182	-73.9980735	40.7541367	;
183	-73.9980324	40.7545384	;
184	-73.9980272	40.7510644	;
185	-73.997981	40.7136728	;
186	-73.9978264	40.7089526	;
187	-73.9977854	40.7215815	;
188	-73.9977832	40.7135026	;
189	-73.9977608	40.7564882	;
190	-73.9977531	40.7168256	;
191	-73.997716	40.7515002	;
192	-73.997655	40.720836	;
193	-73.9976239	40.751459	;
194	-73.9976177	40.753945	;
195	-73.9974422	40.7167192	;
196	-73.9974137	40.714086	;
197	-73.997399	40.721449	;
198	-73.9973838	40.7621219	;
199	-73.9972984	40.7134688	;
200	-73.9972688	40.7544037	;
201	-73.9972216	40.7603611	;
202	-73.9971547	40.7661012	;
203	-73.9969249	40.7627499	;
204	-73.9969079	40.7667938	;
205	-73.9968987	40.7165327	;
206	-73.9968491	40.7090266	;
207	-73.99684	40.737361	;
208	-73.9967972	40.7253748	;
209	-73.996758	40.757565	;
210	-73.9967162	40.725502	;
211	-73.9966849	40.7667144	;
212	-73.9966605	40.7552114	;
213	-73.9964706	40.715497	;
214	-73.9964573	40.7633783	;
215	-73.9963996	40.755102	;
216	-73.9963293	40.753403	;
217	-73.9961157	40.7253523	;
218	-73.9960783	40.7162467	;
219	-73.9960773	40.7442808	;
220	-73.9959432	40.758981	;
221	-73.9958255	40.7166489	;
222	-73.995645	40.744099	;
223	-73.9955967	40.7569287	;
224	-73.9955752	40.7440696	;
225	-73.9955449	40.7646309	;
226	-73.9954865	40.7172159	;
227	-73.9954726	40.7596264	;
228	-73.9954538	40.7160164	;
229	-73.9954016	40.744433	;
230	-73.995396	40.7546795	;
231	-73.99538	40.7250317	;
232	-73.9953727	40.7559056	;
233	-73.9953716	40.764865	;
234	-73.995285	40.7251507	;
235	-73.9952791	40.7567635	;
236	-73.9952566	40.7650203	;
237	-73.9952486	40.7439318	;
238	-73.9952315	40.7155147	;
239	-73.9951328	40.7566317	;
240	-73.995101	40.7550366	;
241	-73.9950957	40.7652375	;
242	-73.9950561	40.7693592	;
243	-73.9949618	40.7562826	;
244	-73.9949283	40.7158469	;
245	-73.9949213	40.7552844	;
246	-73.9948335	40.7692786	;
247	-73.9948124	40.7184578	;
248	-73.9947945	40.7693529	;
249	-73.9947223	40.7164964	;
250	-73.9946486	40.7658627	;
251	-73.9946026	40.7143922	;
252	-73.9944344	40.766152	;
253	-73.9943941	40.7583702	;
254	-73.9943273	40.7662966	;
255	-73.9942713	40.7156085	;
256	-73.9942506	40.7719396	;
257	-73.994173	40.766505	;
258	-73.9941321	40.7200948	;
259	-73.9941173	40.7203456	;
260	-73.9940688	40.7615516	;
261	-73.994002	40.720262	;
262	-73.9939521	40.7203419	;
263	-73.9939359	40.7589791	;
264	-73.9939104	40.7713355	;
265	-73.993828	40.718145	;
266	-73.993813	40.746618	;
267	-73.9938026	40.7154721	;
268	-73.9937222	40.7671047	;
269	-73.9936184	40.7359997	;
270	-73.9936069	40.762185	;
271	-73.9934817	40.7674381	;
272	-73.9934596	40.7521959	;
273	-73.9934	40.715355	;
274	-73.9933142	40.7179887	;
275	-73.9932635	40.7677405	;
276	-73.993095	40.717922	;
277	-73.9930688	40.7578265	;
278	-73.993	40.7681081	;
279	-73.9929057	40.7199017	;
280	-73.9928369	40.7200517	;
281	-73.9928197	40.7143726	;
282	-73.992805	40.742901	;
283	-73.9927954	40.7683937	;
284	-73.9927507	40.7138471	;
285	-73.9926927	40.7240979	;
286	-73.9926444	40.7242313	;
287	-73.9926338	40.7151348	;
288	-73.9926299	40.7584291	;
289	-73.9925837	40.714389	;
290	-73.992566	40.712453	;
291	-73.9925624	40.7240528	;
292	-73.9925251	40.7534779	;
293	-73.992525	40.7687684	;
294	-73.99251	40.724192	;
295	-73.992495	40.7138684	;
296	-73.992463	40.748469	;
297	-73.9923742	40.7150548	;
298	-73.992362	40.7689943	;
299	-73.9922712	40.7124675	;
300	-73.9922513	40.7640441	;
301	-73.992079	40.754091	;
302	-73.9920104	40.7705374	;
303	-73.992006	40.749101	;
304	-73.9919574	40.7098057	;
305	-73.9919069	40.7696238	;
306	-73.9917953	40.7646694	;
307	-73.991777	40.7098319	;
308	-73.9917571	40.7698275	;
309	-73.991692	40.735204	;
310	-73.9916439	40.7699815	;
311	-73.9916033	40.7271144	;
312	-73.991563	40.749706	;
313	-73.9914753	40.7275226	;
314	-73.991422	40.717418	;
315	-73.9914181	40.7702886	;
316	-73.9912602	40.7238048	;
317	-73.9912267	40.7603553	;
318	-73.9911907	40.7705982	;
319	-73.991176	40.717343	;
320	-73.9911357	40.728681	;
321	-73.9911307	40.7146683	;
322	-73.9910568	40.7235993	;
323	-73.991028	40.7281581	;
324	-73.9910068	40.7279995	;
325	-73.9909945	40.7237253	;
326	-73.9909044	40.7241854	;
327	-73.9908358	40.7284023	;
328	-73.990786	40.7700259	;
329	-73.9907703	40.7711833	;
330	-73.9907674	40.7609858	;
331	-73.9907524	40.734816	;
332	-73.9906943	40.7298885	;
333	-73.9906198	40.7285322	;
334	-73.990617	40.7510002	;
335	-73.9905493	40.7191936	;
336	-73.9904721	40.7193451	;
337	-73.9904588	40.7716213	;
338	-73.9904253	40.766548	;
339	-73.9903315	40.771795	;
340	-73.990284	40.7191088	;
341	-73.9902458	40.7144101	;
342	-73.9902048	40.7192589	;
343	-73.9902009	40.714051	;
344	-73.9900092	40.7722297	;
345	-73.9899624	40.7671828	;
346	-73.989916	40.735349	;
347	-73.989902	40.729558	;
348	-73.9898982	40.7344556	;
349	-73.9898199	40.7724911	;
350	-73.9897914	40.7572335	;
351	-73.9896878	40.7522886	;
352	-73.989617	40.747277	;
353	-73.9895958	40.7415497	;
354	-73.9895487	40.7728658	;
355	-73.9894083	40.7628513	;
356	-73.9893697	40.7731119	;
357	-73.9892485	40.7732784	;
358	-73.989243	40.752895	;
359	-73.9891582	40.7363917	;
360	-73.9891568	40.7478958	;
361	-73.989155	40.716708	;
362	-73.9891371	40.7413644	;
363	-73.9890921	40.7734934	;
364	-73.9890251	40.7365689	;
365	-73.9890142	40.7423149	;
366	-73.989011	40.743796	;
367	-73.9889603	40.7166419	;
368	-73.9889506	40.7634796	;
369	-73.9888184	40.7738696	;
370	-73.9887918	40.7229078	;
371	-73.988779	40.733966	;
372	-73.9887309	40.7230355	;
373	-73.9886361	40.7741202	;
374	-73.9885783	40.7228497	;
375	-73.9885656	40.7691032	;
376	-73.9885488	40.7229823	;
377	-73.988452	40.746789	;
378	-73.9884471	40.7743835	;
379	-73.9883893	40.7164482	;
380	-73.9883858	40.7591595	;
381	-73.9883724	40.7374281	;
382	-73.9883571	40.7745088	;
383	-73.988305	40.747535	;
384	-73.9882622	40.7491079	;
385	-73.9881847	40.7747491	;
386	-73.9881683	40.7186193	;
387	-73.9881523	40.737729	;
388	-73.9880044	40.7750033	;
389	-73.9879839	40.7408836	;
390	-73.987954	40.7190347	;
391	-73.9879285	40.7597869	;
392	-73.9879087	40.7751382	;
393	-73.987876	40.740838	;
394	-73.9877652	40.7497921	;
395	-73.9877347	40.7753835	;
396	-73.9876368	40.7514288	;
397	-73.9875746	40.7653667	;
398	-73.9875369	40.7756526	;
399	-73.987491	40.752159	;
400	-73.9874097	40.7758258	;
401	-73.9872606	40.7760287	;
402	-73.9871818	40.7332927	;
403	-73.987158	40.7143065	;
404	-73.9871254	40.7659937	;
405	-73.9870025	40.7807248	;
406	-73.9869489	40.7560361	;
407	-73.9868238	40.751088	;
408	-73.9867899	40.7403784	;
409	-73.9867433	40.7159542	;
410	-73.9865645	40.7616583	;
411	-73.9865345	40.7806449	;
412	-73.986399	40.7517	;
413	-73.986398	40.755804	;
414	-73.986393	40.745921	;
415	-73.986359	40.740196	;
416	-73.9863352	40.7221619	;
417	-73.9862637	40.7222803	;
418	-73.9862119	40.7805186	;
419	-73.9861046	40.7622893	;
420	-73.985949	40.746536	;
421	-73.9857166	40.7679183	;
422	-73.9856663	40.7803049	;
423	-73.9855335	40.7579634	;
424	-73.9854503	40.7784812	;
425	-73.985428	40.741471	;
426	-73.9853058	40.7155222	;
427	-73.9852813	40.7836063	;
428	-73.9851328	40.713597	;
429	-73.98512	40.7106758	;
430	-73.9850978	40.7137953	;
431	-73.9850867	40.7585867	;
432	-73.9850646	40.7800516	;
433	-73.9850353	40.7154402	;
434	-73.984941	40.732347	;
435	-73.9848846	40.7741602	;
436	-73.984794	40.745244	;
437	-73.9847936	40.7153769	;
438	-73.9847562	40.7395069	;
439	-73.9847413	40.7641596	;
440	-73.9847385	40.7145096	;
441	-73.9847284	40.7856655	;
442	-73.984711	40.7795042	;
443	-73.9847108	40.7107224	;
444	-73.9846551	40.7104204	;
445	-73.98456	40.748439	;
446	-73.9844842	40.7798073	;
447	-73.98442	40.7747967	;
448	-73.984344	40.745861	;
449	-73.9842798	40.7151783	;
450	-73.9842688	40.7647981	;
451	-73.9842622	40.7856418	;
452	-73.9842396	40.7152343	;
453	-73.984118	40.754842	;
454	-73.9839968	40.785534	;
455	-73.9839163	40.7837822	;
456	-73.9837884	40.7215498	;
457	-73.9837108	40.785842	;
458	-73.9837045	40.7604656	;
459	-73.983689	40.7854081	;
460	-73.983627	40.743945	;
461	-73.983621	40.749724	;
462	-73.9834982	40.7479926	;
463	-73.9832504	40.7610948	;
464	-73.9832475	40.7871601	;
465	-73.9831797	40.7503411	;
466	-73.9831793	40.7851952	;
467	-73.983177	40.744562	;
468	-73.983148	40.7388264	;
469	-73.9830196	40.7148021	;
470	-73.9829816	40.7148593	;
471	-73.982957	40.747765	;
472	-73.9828783	40.7667155	;
473	-73.9827898	40.7850325	;
474	-73.982727	40.745181	;
475	-73.9827118	40.7567712	;
476	-73.9826645	40.7394963	;
477	-73.9826602	40.7849758	;
478	-73.982557	40.7313565	;
479	-73.9825294	40.71472	;
480	-73.9824267	40.7146908	;
481	-73.9823238	40.7739217	;
482	-73.9823049	40.7730986	;
483	-73.982295	40.7726333	;
484	-73.9822655	40.7706087	;
485	-73.9822629	40.7458147	;
486	-73.9822537	40.7573902	;
487	-73.9821981	40.7778249	;
488	-73.9821224	40.7738325	;
489	-73.9820858	40.7730083	;
490	-73.9820716	40.7787704	;
491	-73.9820402	40.7705153	;
492	-73.982024	40.74905	;
493	-73.9818975	40.7629646	;
494	-73.9818825	40.7676798	;
495	-73.981848	40.766287	;
496	-73.9818175	40.746346	;
497	-73.9817632	40.7684033	;
498	-73.9816483	40.7785905	;
499	-73.9816476	40.7144617	;
500	-73.9816187	40.7677437	;
501	-73.9815997	40.7496412	;
502	-73.9815725	40.7736018	;
503	-73.98156	40.743882	;
504	-73.9814928	40.768258	;
505	-73.9814491	40.7471233	;
506	-73.9814328	40.7635954	;
507	-73.9813158	40.720654	;
508	-73.9812613	40.7470478	;
509	-73.9812411	40.720782	;
510	-73.9811702	40.7843497	;
511	-73.9811523	40.7792635	;
512	-73.981109	40.744498	;
513	-73.9810182	40.7676993	;
514	-73.980923	40.714264	;
515	-73.9809087	40.7378801	;
516	-73.980888	40.753481	;
517	-73.9808828	40.7592744	;
518	-73.9805755	40.7699112	;
519	-73.9805509	40.7109349	;
520	-73.9805026	40.7484151	;
521	-73.9804176	40.7599106	;
522	-73.9803693	40.7899385	;
523	-73.9803529	40.730428	;
524	-73.9803447	40.7702188	;
525	-73.9803098	40.7483355	;
526	-73.98021	40.780561	;
527	-73.98017	40.7222838	;
528	-73.9800838	40.783893	;
529	-73.9800511	40.7490283	;
530	-73.980036	40.765521	;
531	-73.9799531	40.7432033	;
532	-73.9799051	40.7838162	;
533	-73.9798606	40.7489496	;
534	-73.979724	40.746402	;
535	-73.9796016	40.7670981	;
536	-73.9794915	40.7438293	;
537	-73.979483	40.755405	;
538	-73.97929	40.713762	;
539	-73.9792861	40.7528022	;
540	-73.979193	40.771782	;
541	-73.979076	40.766876	;
542	-73.979057	40.761771	;
543	-73.979024	40.756032	;
544	-73.9789967	40.7370733	;
545	-73.9788111	40.750392	;
546	-73.9788008	40.7774027	;
547	-73.978788	40.747684	;
548	-73.978728	40.772417	;
549	-73.9787167	40.7200067	;
550	-73.978601	40.762396	;
551	-73.9785141	40.7368726	;
552	-73.9783444	40.7482941	;
553	-73.9783287	40.7831525	;
554	-73.9782201	40.7134405	;
555	-73.9781439	40.7367149	;
556	-73.9780908	40.7457162	;
557	-73.9780305	40.7294404	;
558	-73.977875	40.754728	;
559	-73.9778627	40.7888872	;
560	-73.9778045	40.7717877	;
561	-73.9777881	40.752178	;
562	-73.9777264	40.7422757	;
563	-73.977655	40.757912	;
564	-73.977586	40.71325	;
565	-73.9775607	40.7520849	;
566	-73.9774168	40.7553543	;
567	-73.9773744	40.7895628	;
568	-73.9773621	40.7844628	;
569	-73.9773216	40.7453996	;
570	-73.977201	40.758538	;
571	-73.977196	40.764324	;
572	-73.9771578	40.7470002	;
573	-73.9770965	40.7660432	;
574	-73.9770328	40.7927886	;
575	-73.976893	40.722498	;
576	-73.9768165	40.7460403	;
577	-73.9767868	40.7659104	;
578	-73.976735	40.796025	;
579	-73.9767048	40.7476182	;
580	-73.9766243	40.7957927	;
581	-73.9766072	40.7883609	;
582	-73.9764349	40.7882867	;
583	-73.9763315	40.7763727	;
584	-73.9762897	40.7153546	;
585	-73.9762208	40.7656707	;
586	-73.9762113	40.727762	;
587	-73.976045	40.757232	;
588	-73.9760254	40.7514557	;
589	-73.9759847	40.7955204	;
590	-73.9759585	40.7762171	;
591	-73.975907	40.7547208	;
592	-73.975881	40.744779	;
593	-73.975831	40.760418	;
594	-73.9757824	40.7456054	;
595	-73.9757318	40.7161743	;
596	-73.9756983	40.7546344	;
597	-73.9756964	40.7284597	;
598	-73.9756445	40.7971967	;
599	-73.9755926	40.7356267	;
600	-73.975591	40.75786	;
601	-73.9755353	40.7446348	;
602	-73.975483	40.7819523	;
603	-73.9754392	40.7445947	;
604	-73.975394	40.745442	;
605	-73.975373	40.76104	;
606	-73.9753112	40.7961379	;
607	-73.9753032	40.7511471	;
608	-73.975224	40.744505	;
609	-73.9751895	40.795937	;
610	-73.9751082	40.7354184	;
611	-73.9751052	40.7187635	;
612	-73.9750709	40.7189977	;
613	-73.9750103	40.7876846	;
614	-73.9750094	40.7349367	;
615	-73.974927	40.7460675	;
616	-73.974839	40.7961566	;
617	-73.974789	40.7353683	;
618	-73.9747455	40.7188498	;
619	-73.9747418	40.729777	;
620	-73.9747141	40.7210513	;
621	-73.9746888	40.7459612	;
622	-73.974648	40.753367	;
623	-73.9745531	40.7832296	;
624	-73.9745454	40.7465853	;
625	-73.9745415	40.7566051	;
626	-73.9745237	40.7373813	;
627	-73.9744848	40.7466699	;
628	-73.9744666	40.7372444	;
629	-73.9744611	40.7327577	;
630	-73.9744129	40.7507666	;
631	-73.9743466	40.7565228	;
632	-73.974306	40.745798	;
633	-73.9742235	40.7597393	;
634	-73.9741902	40.7539937	;
635	-73.9741088	40.7313844	;
636	-73.9740875	40.7572226	;
637	-73.9739875	40.7309957	;
638	-73.9739815	40.7829879	;
639	-73.973968	40.762967	;
640	-73.9738864	40.757137	;
641	-73.9737663	40.7603636	;
642	-73.9737244	40.7945858	;
643	-73.9736421	40.7463202	;
644	-73.9736247	40.7645771	;
645	-73.9736027	40.7504178	;
646	-73.9735549	40.7948043	;
647	-73.973512	40.743782	;
648	-73.9732066	40.7952534	;
649	-73.9730967	40.7389627	;
650	-73.973015	40.764279	;
651	-73.9730148	40.7526822	;
652	-73.9730055	40.795531	;
653	-73.9728566	40.7951057	;
654	-73.97282	40.75587	;
655	-73.9727178	40.7591042	;
656	-73.9727152	40.7959319	;
657	-73.9725638	40.7450799	;
658	-73.9725578	40.7533082	;
659	-73.972553	40.764898	;
660	-73.9725427	40.7433795	;
661	-73.9725069	40.7590185	;
662	-73.9724164	40.794038	;
663	-73.972362	40.756498	;
664	-73.9723599	40.7622894	;
665	-73.9722786	40.7822679	;
666	-73.9722702	40.7597285	;
667	-73.9722601	40.7948539	;
668	-73.9722363	40.7688549	;
669	-73.9722049	40.7498286	;
670	-73.9721756	40.7864873	;
671	-73.9721195	40.7456771	;
672	-73.9720776	40.7431864	;
673	-73.972053	40.7596371	;
674	-73.9719192	40.7947101	;
675	-73.9717336	40.7820374	;
676	-73.971682	40.7946106	;
677	-73.9716634	40.7282996	;
678	-73.9716438	40.7438525	;
679	-73.9716142	40.7809228	;
680	-73.9714247	40.7861728	;
681	-73.9714037	40.7635979	;
682	-73.971385	40.7815938	;
683	-73.9713381	40.7441991	;
684	-73.9713051	40.7443489	;
685	-73.9712566	40.7827173	;
686	-73.9712517	40.7800813	;
687	-73.971232	40.794419	;
688	-73.9712265	40.795291	;
689	-73.9711868	40.7551832	;
690	-73.9709918	40.7583747	;
691	-73.9709542	40.7642198	;
692	-73.9709376	40.7451712	;
693	-73.9708574	40.7616646	;
694	-73.970804	40.751748	;
695	-73.9707975	40.7797899	;
696	-73.9707298	40.7558152	;
697	-73.9706375	40.7615719	;
698	-73.9705724	40.7478219	;
699	-73.970533	40.7590024	;
700	-73.9705037	40.7480011	;
701	-73.9704055	40.747966	;
702	-73.970364	40.7940493	;
703	-73.970341	40.752379	;
704	-73.970281	40.768025	;
705	-73.9699868	40.7489049	;
706	-73.9699023	40.7629704	;
707	-73.969825	40.768646	;
708	-73.9697137	40.7854561	;
709	-73.9696886	40.7487808	;
710	-73.9696806	40.7628767	;
711	-73.9694382	40.7635824	;
712	-73.9693638	40.7576902	;
713	-73.9693488	40.7853033	;
714	-73.9692158	40.7634881	;
715	-73.9691318	40.7609292	;
716	-73.968978	40.754251	;
717	-73.9689058	40.7583202	;
718	-73.9688366	40.7850839	;
719	-73.9686697	40.7673451	;
720	-73.96864	40.7474459	;
721	-73.9685615	40.8016434	;
722	-73.96852	40.754877	;
723	-73.9683941	40.7507465	;
724	-73.9682358	40.7479456	;
725	-73.9682154	40.7679674	;
726	-73.9681807	40.7622356	;
727	-73.9681143	40.8057097	;
728	-73.9681141	40.801452	;
729	-73.9680127	40.804723	;
730	-73.9679942	40.8014007	;
731	-73.9679139	40.7596754	;
732	-73.9678549	40.7515409	;
733	-73.9678102	40.802787	;
734	-73.9677887	40.8013053	;
735	-73.9677091	40.7628662	;
736	-73.9675422	40.7602626	;
737	-73.9675289	40.7928581	;
738	-73.9674796	40.7602333	;
739	-73.9673288	40.8011124	;
740	-73.9672119	40.8105536	;
741	-73.9671748	40.7667142	;
742	-73.967152	40.756766	;
743	-73.967039	40.772461	;
744	-73.9669869	40.752388	;
745	-73.9669797	40.7609093	;
746	-73.9669476	40.7666184	;
747	-73.966794	40.8042094	;
748	-73.9667158	40.7673389	;
749	-73.966702	40.757381	;
750	-73.9666537	40.7532797	;
751	-73.9666206	40.7722846	;
752	-73.9666191	40.8041373	;
753	-73.9665981	40.7615694	;
754	-73.9665687	40.753244	;
755	-73.9664877	40.7672427	;
756	-73.9661437	40.8006155	;
757	-73.9661119	40.7621957	;
758	-73.9657046	40.8004313	;
759	-73.9654448	40.7659843	;
760	-73.9654336	40.7717839	;
761	-73.965291	40.7593108	;
762	-73.9649892	40.7666073	;
763	-73.9648784	40.7591358	;
764	-73.9647985	40.7599854	;
765	-73.964786	40.755756	;
766	-73.9647071	40.7916741	;
767	-73.964501	40.7589757	;
768	-73.964424	40.810755	;
769	-73.9643309	40.7606332	;
770	-73.9641881	40.792384	;
771	-73.9641336	40.7608946	;
772	-73.9640192	40.7529089	;
773	-73.964019	40.811331	;
774	-73.9639328	40.8125399	;
775	-73.9639315	40.7770899	;
776	-73.9639165	40.771144	;
777	-73.9639111	40.7612123	;
778	-73.9638672	40.8029837	;
779	-73.9638433	40.7653085	;
780	-73.9637494	40.7770004	;
781	-73.9636829	40.7710455	;
782	-73.9633881	40.7659323	;
783	-73.9629232	40.7600363	;
784	-73.9629223	40.7583127	;
785	-73.962876	40.7992369	;
786	-73.9628103	40.7917186	;
787	-73.9627815	40.7815298	;
788	-73.962468	40.7990646	;
789	-73.9624219	40.7598242	;
790	-73.9622107	40.7704245	;
791	-73.9621508	40.7763235	;
792	-73.9619593	40.7596178	;
793	-73.9619239	40.7551764	;
794	-73.9618737	40.7988136	;
795	-73.96179	40.818025	;
796	-73.9616082	40.7643653	;
797	-73.9615093	40.7602403	;
798	-73.9614743	40.798645	;
799	-73.9613747	40.7802227	;
800	-73.9612589	40.8185083	;
801	-73.9612132	40.8168177	;
802	-73.9612059	40.8159903	;
803	-73.9611683	40.8168846	;
804	-73.9611475	40.7649877	;
805	-73.9610904	40.798485	;
806	-73.9610636	40.7608639	;
807	-73.9610568	40.8017903	;
808	-73.961038	40.818704	;
809	-73.9609186	40.7808558	;
810	-73.9608452	40.8070867	;
811	-73.960671	40.757364	;
812	-73.9606194	40.775675	;
813	-73.9606044	40.769747	;
814	-73.9605889	40.7614885	;
815	-73.9605114	40.8075439	;
816	-73.9604588	40.8180399	;
817	-73.9604245	40.7982075	;
818	-73.9604135	40.7815447	;
819	-73.9603796	40.7755735	;
820	-73.9601308	40.7621165	;
821	-73.96004	40.7980472	;
822	-73.9599867	40.8175386	;
823	-73.959722	40.758663	;
824	-73.9596364	40.8011516	;
825	-73.959493	40.817007	;
826	-73.9592537	40.7593048	;
827	-73.9592062	40.8093313	;
828	-73.9590858	40.7993575	;
829	-73.9589319	40.8163963	;
830	-73.9588917	40.7749718	;
831	-73.9588106	40.7808689	;
832	-73.958809	40.759913	;
833	-73.958781	40.76399	;
834	-73.9587153	40.8100035	;
835	-73.958632	40.7999881	;
836	-73.9584918	40.8006694	;
837	-73.9583909	40.8158075	;
838	-73.9583831	40.7590213	;
839	-73.9583631	40.7688015	;
840	-73.9583477	40.7605433	;
841	-73.9583399	40.8003728	;
842	-73.9582483	40.815657	;
843	-73.9580836	40.8209669	;
844	-73.957888	40.761175	;
845	-73.957871	40.8224172	;
846	-73.9578682	40.8005212	;
847	-73.957829	40.815156	;
848	-73.9578278	40.7612577	;
849	-73.9575495	40.8211505	;
850	-73.957441	40.761789	;
851	-73.9573098	40.7742971	;
852	-73.957306	40.7802344	;
853	-73.9572119	40.7609129	;
854	-73.9570594	40.7801304	;
855	-73.9569082	40.7892723	;
856	-73.9568231	40.8140132	;
857	-73.9567983	40.8050221	;
858	-73.956257	40.81337	;
859	-73.9560701	40.7611408	;
860	-73.9559988	40.7678043	;
861	-73.9557843	40.8227906	;
862	-73.9557817	40.8140209	;
863	-73.9557686	40.7879101	;
864	-73.9557343	40.8127654	;
865	-73.9556877	40.822949	;
866	-73.9555814	40.7795072	;
867	-73.9553885	40.7994807	;
868	-73.955368	40.80442	;
869	-73.9552767	40.7885847	;
870	-73.9552731	40.8122318	;
871	-73.9552082	40.7994053	;
872	-73.9552062	40.8201687	;
873	-73.955044	40.7733383	;
874	-73.9550161	40.8200885	;
875	-73.9549865	40.8151098	;
876	-73.954835	40.811725	;
877	-73.954506	40.8115832	;
878	-73.954238	40.7661776	;
879	-73.9541598	40.7872313	;
880	-73.954011	40.81137	;
881	-73.953979	40.7788316	;
882	-73.9537436	40.7668574	;
883	-73.953672	40.787901	;
884	-73.9535723	40.8111831	;
885	-73.953249	40.7675414	;
886	-73.953129	40.812692	;
887	-73.95311	40.813495	;
888	-73.9530716	40.8143036	;
889	-73.952952	40.808396	;
890	-73.952917	40.80778	;
891	-73.952904	40.80755	;
892	-73.9528867	40.8072406	;
893	-73.952874	40.8070133	;
894	-73.952857	40.806709	;
895	-73.9528127	40.8033402	;
896	-73.95276	40.805028	;
897	-73.9527396	40.804566	;
898	-73.952723	40.80419	;
899	-73.9526771	40.7723457	;
900	-73.9526675	40.7866018	;
901	-73.9526176	40.8032558	;
902	-73.952591	40.810765	;
903	-73.9525304	40.7982705	;
904	-73.9524117	40.7864938	;
905	-73.9523942	40.7982104	;
906	-73.9522132	40.8189073	;
907	-73.9521298	40.7652791	;
908	-73.9521145	40.8039386	;
909	-73.9519791	40.8270794	;
910	-73.9517388	40.777887	;
911	-73.9514025	40.7667452	;
912	-73.9512809	40.8314419	;
913	-73.9511777	40.8101762	;
914	-73.950927	40.812575	;
915	-73.9509262	40.7858671	;
916	-73.95088	40.818395	;
917	-73.9508067	40.8313944	;
918	-73.9507276	40.8127769	;
919	-73.9506714	40.7668482	;
920	-73.9505823	40.8264958	;
921	-73.9504368	40.7714021	;
922	-73.9503944	40.8264178	;
923	-73.9503299	40.8324834	;
924	-73.9500819	40.8295858	;
925	-73.949714	40.832697	;
926	-73.949699	40.797086	;
927	-73.9496834	40.8325919	;
928	-73.949663	40.832522	;
929	-73.9495624	40.8345026	;
930	-73.9494564	40.8226821	;
931	-73.9493845	40.8350896	;
932	-73.9493698	40.776888	;
933	-73.9493307	40.785194	;
934	-73.9490935	40.8343523	;
935	-73.9490635	40.8344377	;
936	-73.949054	40.7971081	;
937	-73.9488318	40.836532	;
938	-73.9486588	40.8364635	;
939	-73.9484021	40.8090045	;
940	-73.9483688	40.8340866	;
941	-73.948356	40.816374	;
942	-73.9482544	40.8089422	;
943	-73.9482239	40.8166564	;
944	-73.948085	40.8221053	;
945	-73.9480717	40.7704171	;
946	-73.948009	40.817116	;
947	-73.947965	40.8344109	;
948	-73.9478771	40.8375532	;
949	-73.9478646	40.8174271	;
950	-73.9478046	40.7702608	;
951	-73.947666	40.817855	;
952	-73.947602	40.8252298	;
953	-73.9475395	40.8181273	;
954	-73.9474676	40.8347197	;
955	-73.94735	40.818535	;
956	-73.9472602	40.8379956	;
957	-73.947148	40.8377677	;
958	-73.947122	40.775929	;
959	-73.9470669	40.7842389	;
960	-73.947036	40.819209	;
961	-73.9469759	40.8382107	;
962	-73.9469169	40.8349476	;
963	-73.9469155	40.8194689	;
964	-73.9466145	40.7840489	;
965	-73.946546	40.816502	;
966	-73.946403	40.820572	;
967	-73.9462806	40.8208331	;
968	-73.9462259	40.8246448	;
969	-73.9461879	40.8210308	;
970	-73.9460796	40.8212618	;
971	-73.9459609	40.8328285	;
972	-73.9459527	40.8215357	;
973	-73.9457725	40.8327461	;
974	-73.9456209	40.8351645	;
975	-73.9455708	40.8078108	;
976	-73.9454515	40.8346374	;
977	-73.945439	40.8417546	;
978	-73.9454127	40.8077463	;
979	-73.9453526	40.8342912	;
980	-73.9453059	40.8481696	;
981	-73.9451567	40.8208736	;
982	-73.9450015	40.8341411	;
983	-73.9449209	40.8237625	;
984	-73.9449068	40.8452219	;
985	-73.9448113	40.8340611	;
986	-73.9448096	40.8074916	;
987	-73.9447664	40.8240379	;
988	-73.9447293	40.7832573	;
989	-73.9447121	40.8410394	;
990	-73.9445746	40.8363811	;
991	-73.9445661	40.834739	;
992	-73.9445457	40.8243333	;
993	-73.9443833	40.8414624	;
994	-73.9443745	40.8346611	;
995	-73.944371	40.7823141	;
996	-73.9443278	40.7797677	;
997	-73.9442512	40.8072559	;
998	-73.9441319	40.7800859	;
999	-73.9441039	40.8353715	;
1000	-73.9441028	40.8407273	;
1001	-73.9440914	40.8421442	;
1002	-73.9440616	40.7829774	;
1003	-73.9440228	40.8459231	;
1004	-73.9440144	40.7809188	;
1005	-73.9439892	40.8432621	;
1006	-73.9439822	40.8250989	;
1007	-73.9439713	40.843761	;
1008	-73.9439155	40.8352891	;
1009	-73.9438506	40.823648	;
1010	-73.943813	40.825332	;
1011	-73.943788	40.8153312	;
1012	-73.9437636	40.7828652	;
1013	-73.9437395	40.8452609	;
1014	-73.9436452	40.8152715	;
1015	-73.9436022	40.8477216	;
1016	-73.9435744	40.845963	;
1017	-73.9435078	40.8463062	;
1018	-73.943357	40.825956	;
1019	-73.9432846	40.8461439	;
1020	-73.9431638	40.8264027	;
1021	-73.9431445	40.8283055	;
1022	-73.9431426	40.8464651	;
1023	-73.9431008	40.8502252	;
1024	-73.943066	40.840193	;
1025	-73.943059	40.826645	;
1026	-73.9430192	40.8491109	;
1027	-73.9429693	40.8315635	;
1028	-73.9429237	40.8232579	;
1029	-73.9426871	40.8065955	;
1030	-73.9425935	40.8278211	;
1031	-73.942508	40.8280379	;
1032	-73.9423297	40.8284464	;
1033	-73.942279	40.842154	;
1034	-73.942262	40.806416	;
1035	-73.9422069	40.8287277	;
1036	-73.9421031	40.82901	;
1037	-73.9420356	40.8291937	;
1038	-73.9419631	40.8517114	;
1039	-73.9419432	40.8294451	;
1040	-73.9419205	40.8228413	;
1041	-73.9419028	40.8492214	;
1042	-73.9418352	40.8518137	;
1043	-73.9418331	40.8062358	;
1044	-73.9416392	40.8508617	;
1045	-73.941368	40.830891	;
1046	-73.9413134	40.8513259	;
1047	-73.9412811	40.8523733	;
1048	-73.9412769	40.8392425	;
1049	-73.9412201	40.851404	;
1050	-73.9410885	40.8391601	;
1051	-73.941029	40.8505149	;
1052	-73.9409986	40.8058851	;
1053	-73.9409365	40.8141401	;
1054	-73.940795	40.844686	;
1055	-73.9407852	40.8140745	;
1056	-73.9406514	40.8347248	;
1057	-73.940646	40.805737	;
1058	-73.9403825	40.7852902	;
1059	-73.940346	40.830458	;
1060	-73.940241	40.846048	;
1061	-73.9402247	40.8513418	;
1062	-73.9402243	40.830292	;
1063	-73.9401964	40.8353595	;
1064	-73.9401714	40.8369643	;
1065	-73.9401576	40.8303809	;
1066	-73.9401283	40.8055184	;
1067	-73.940061	40.846519	;
1068	-73.940048	40.8344923	;
1069	-73.9400363	40.8303282	;
1070	-73.9400097	40.8385964	;
1071	-73.9398835	40.8358221	;
1072	-73.93987	40.8388006	;
1073	-73.9398609	40.8411266	;
1074	-73.93986	40.825648	;
1075	-73.9398546	40.8386599	;
1076	-73.9398455	40.8385135	;
1077	-73.9398098	40.8299145	;
1078	-73.9397145	40.8410581	;
1079	-73.939699	40.8053372	;
1080	-73.939651	40.8361427	;
1081	-73.9396505	40.8387426	;
1082	-73.9395901	40.8301428	;
1083	-73.9395493	40.8492397	;
1084	-73.939524	40.847838	;
1085	-73.9394836	40.8301026	;
1086	-73.9394804	40.84095	;
1087	-73.9393412	40.8365699	;
1088	-73.9392752	40.8420796	;
1089	-73.9392736	40.8416657	;
1090	-73.939255	40.842436	;
1091	-73.9391904	40.8486855	;
1092	-73.9391872	40.8051211	;
1093	-73.9391561	40.8487641	;
1094	-73.9391533	40.821668	;
1095	-73.939149	40.826626	;
1096	-73.9390145	40.8216091	;
1097	-73.9389728	40.849252	;
1098	-73.9389502	40.8493123	;
1099	-73.9389303	40.8443524	;
1100	-73.938904	40.8050028	;
1101	-73.9388597	40.8372351	;
1102	-73.9386779	40.8297407	;
1103	-73.9386611	40.8223425	;
1104	-73.9386594	40.8499781	;
1105	-73.9385805	40.8214272	;
1106	-73.9385736	40.8048669	;
1107	-73.938459	40.826334	;
1108	-73.9384302	40.8429055	;
1109	-73.938364	40.840487	;
1110	-73.9383539	40.8378835	;
1111	-73.938284	40.850909	;
1112	-73.938212	40.8229651	;
1113	-73.938036	40.847558	;
1114	-73.937975	40.847711	;
1115	-73.9376885	40.8483904	;
1116	-73.937635	40.812748	;
1117	-73.9376339	40.8484382	;
1118	-73.937435	40.85338	;
1119	-73.9374246	40.8043853	;
1120	-73.937383	40.83569	;
1121	-73.9373192	40.8242288	;
1122	-73.9372824	40.8291536	;
1123	-73.9372062	40.8394631	;
1124	-73.9370837	40.8489191	;
1125	-73.9370276	40.8489682	;
1126	-73.9370217	40.8341669	;
1127	-73.9369058	40.839864	;
1128	-73.9369033	40.855125	;
1129	-73.9368589	40.8248549	;
1130	-73.9367296	40.7904084	;
1131	-73.9367234	40.8040953	;
1132	-73.936691	40.837193	;
1133	-73.9365259	40.8526284	;
1134	-73.936403	40.847872	;
1135	-73.9363573	40.8479344	;
1136	-73.936295	40.8039181	;
1137	-73.9362925	40.8121723	;
1138	-73.9362503	40.8204537	;
1139	-73.9362325	40.8381008	;
1140	-73.9362289	40.8253955	;
1141	-73.9361928	40.8257799	;
1142	-73.9361558	40.8147789	;
1143	-73.9361052	40.8307192	;
1144	-73.9360876	40.850282	;
1145	-73.9359986	40.8120722	;
1146	-73.9359726	40.8484603	;
1147	-73.935929	40.84852	;
1148	-73.9358977	40.8275701	;
1149	-73.935896	40.8260058	;
1150	-73.935893	40.8310085	;
1151	-73.9358199	40.8037216	;
1152	-73.935756	40.815326	;
1153	-73.9357231	40.8501764	;
1154	-73.935602	40.857109	;
1155	-73.9355421	40.8284362	;
1156	-73.9355103	40.8267379	;
1157	-73.935468	40.8201109	;
1158	-73.9354209	40.8317067	;
1159	-73.9354207	40.7959869	;
1160	-73.9353476	40.8500096	;
1161	-73.9352439	40.8266329	;
1162	-73.9352284	40.8295922	;
1163	-73.9351997	40.8282853	;
1164	-73.935172	40.847358	;
1165	-73.9351625	40.8276017	;
1166	-73.9351294	40.8282617	;
1167	-73.9351264	40.847419	;
1168	-73.9349789	40.8363293	;
1169	-73.9349729	40.8279984	;
1170	-73.934966	40.84984	;
1171	-73.9349406	40.8281813	;
1172	-73.9349188	40.8096085	;
1173	-73.934911	40.8300508	;
1174	-73.9349016	40.8111547	;
1175	-73.9348568	40.8567453	;
1176	-73.9348468	40.8280367	;
1177	-73.934776	40.852058	;
1178	-73.9347436	40.8479313	;
1179	-73.934693	40.847999	;
1180	-73.9346816	40.8429382	;
1181	-73.9345921	40.8197265	;
1182	-73.9345819	40.8496786	;
1183	-73.9345631	40.8280397	;
1184	-73.934348	40.8187778	;
1185	-73.9340804	40.802095	;
1186	-73.9340781	40.8626547	;
1187	-73.9340691	40.8375512	;
1188	-73.933776	40.846763	;
1189	-73.933731	40.849321	;
1190	-73.9337263	40.8468318	;
1191	-73.9337066	40.8442431	;
1192	-73.9337034	40.8541572	;
1193	-73.9335781	40.8027762	;
1194	-73.9335085	40.8468386	;
1195	-73.9334055	40.802694	;
1196	-73.9333521	40.8473496	;
1197	-73.933307	40.847412	;
1198	-73.9332591	40.8386754	;
1199	-73.9331724	40.7950342	;
1200	-73.9328625	40.8489559	;
1201	-73.932669	40.8040762	;
1202	-73.932631	40.856716	;
1203	-73.932407	40.804428	;
1204	-73.9323412	40.8467477	;
1205	-73.932337	40.848735	;
1206	-73.9323138	40.8461493	;
1207	-73.932258	40.8462256	;
1208	-73.932228	40.853582	;
1209	-73.9321728	40.866448	;
1210	-73.9321084	40.7946103	;
1211	-73.932105	40.8052245	;
1212	-73.9320768	40.8464737	;
1213	-73.9319818	40.8485916	;
1214	-73.9318876	40.8467328	;
1215	-73.9318397	40.8467983	;
1216	-73.9318348	40.8461893	;
1217	-73.9317915	40.7944822	;
1218	-73.9317635	40.8009967	;
1219	-73.9317216	40.8463239	;
1220	-73.9316924	40.7944363	;
1221	-73.9315369	40.8462459	;
1222	-73.9315042	40.8589437	;
1223	-73.9314564	40.8456737	;
1224	-73.9313853	40.8018404	;
1225	-73.9313326	40.8593027	;
1226	-73.9312996	40.8483162	;
1227	-73.9312076	40.8596364	;
1228	-73.9311972	40.8017608	;
1229	-73.9311538	40.847737	;
1230	-73.9311471	40.8591806	;
1231	-73.9311005	40.8478107	;
1232	-73.930996	40.853062	;
1233	-73.9309136	40.859395	;
1234	-73.9309132	40.8668062	;
1235	-73.9308625	40.8481397	;
1236	-73.9307617	40.8593942	;
1237	-73.9304899	40.8452058	;
1238	-73.9304732	40.794774	;
1239	-73.9304693	40.866438	;
1240	-73.9303831	40.8487919	;
1241	-73.9303109	40.8024983	;
1242	-73.930112	40.8617817	;
1243	-73.9300716	40.8018886	;
1244	-73.9300052	40.8678058	;
1245	-73.9300043	40.8493104	;
1246	-73.9300037	40.8621121	;
1247	-73.929954	40.8625988	;
1248	-73.929644	40.854908	;
1249	-73.929603	40.852476	;
1250	-73.9293873	40.8623349	;
1251	-73.9291404	40.7974178	;
1252	-73.9291241	40.7993084	;
1253	-73.928722	40.866743	;
1254	-73.928716	40.856182	;
1255	-73.9286408	40.8511764	;
1256	-73.9285047	40.8564757	;
1257	-73.9284202	40.8656391	;
1258	-73.928411	40.856606	;
1259	-73.928266	40.8568009	;
1260	-73.9282354	40.8571635	;
1261	-73.9282329	40.8517346	;
1262	-73.9281419	40.8518592	;
1263	-73.928062	40.8655685	;
1264	-73.928057	40.8662	;
1265	-73.9277837	40.8652598	;
1266	-73.9274354	40.8571682	;
1267	-73.9272687	40.8655306	;
1268	-73.9267875	40.8537128	;
1269	-73.92662	40.864525	;
1270	-73.926011	40.863575	;
1271	-73.925919	40.867769	;
1272	-73.925373	40.862582	;
1273	-73.9253235	40.8613912	;
1274	-73.9252126	40.8613858	;
1275	-73.9252109	40.8612105	;
1276	-73.9250998	40.8613554	;
1277	-73.925005	40.866336	;
1278	-73.9248524	40.8563611	;
1279	-73.924849	40.8615058	;
1280	-73.9247908	40.8616308	;
1281	-73.924733	40.8615472	;
1282	-73.9246692	40.8614373	;
1283	-73.9246404	40.8613935	;
1284	-73.9244436	40.8610926	;
1285	-73.9244087	40.8616676	;
1286	-73.924385	40.865365	;
1287	-73.9241374	40.8618235	;
1288	-73.924038	40.868473	;
1289	-73.923767	40.864403	;
1290	-73.9233136	40.8593649	;
1291	-73.923137	40.863416	;
1292	-73.9231298	40.8590224	;
1293	-73.92311	40.867016	;
1294	-73.9229661	40.858935	;
1295	-73.9228995	40.8588094	;
1296	-73.9228906	40.8591464	;
1297	-73.9225476	40.8624952	;
1298	-73.9225464	40.8595101	;
1299	-73.9225094	40.8624268	;
1300	-73.922498	40.866064	;
1301	-73.9224584	40.862355	;
1302	-73.922145	40.86915	;
1303	-73.921884	40.8651	;
1304	-73.9217076	40.8684931	;
1305	-73.92125	40.864112	;
1306	-73.921214	40.867693	;
1307	-73.920897	40.869877	;
1308	-73.9208274	40.8670932	;
1309	-73.92066	40.8631896	;
1310	-73.920612	40.866759	;
1311	-73.9206112	40.863121	;
1312	-73.9205688	40.8630456	;
1313	-73.9205169	40.8622993	;
1314	-73.9204108	40.8664448	;
1315	-73.9202964	40.8626109	;
1316	-73.9202099	40.8661311	;
1317	-73.919996	40.865797	;
1318	-73.9198437	40.8631643	;
1319	-73.9197976	40.8654878	;
1320	-73.9197632	40.863541	;
1321	-73.919754	40.868114	;
1322	-73.9197009	40.8634684	;
1323	-73.9194646	40.8638085	;
1324	-73.9194094	40.8637912	;
1325	-73.919362	40.864809	;
1326	-73.9192622	40.8709698	;
1327	-73.919215	40.867275	;
1328	-73.918943	40.864463	;
1329	-73.918596	40.866315	;
1330	-73.918564	40.871479	;
1331	-73.918469	40.861775	;
1332	-73.918447	40.865109	;
1333	-73.918414	40.867584	;
1334	-73.9181211	40.8655852	;
1335	-73.9178311	40.8660121	;
1336	-73.917205	40.866813	;
1337	-73.917176	40.872499	;
1338	-73.917063	40.863691	;
1339	-73.917044	40.867026	;
1340	-73.9158633	40.8631878	;
1341	-73.9158491	40.8698643	;
1342	-73.915183	40.869551	;
1343	-73.914694	40.870225	;
1344	-73.9145779	40.8708669	;
1345	-73.9141793	40.8624678	;
1346	-73.914136	40.8712112	;
1347	-73.914009	40.87116	;
1348	-73.913352	40.868777	;
1349	-73.9121747	40.8703989	;
1350	-73.9119097	40.8728468	;
1351	-73.9117316	40.8728328	;
